input_emb
 tensor([[[ 0.0577,  0.1096,  0.0798,  ..., -0.0393, -0.0381,  0.0150],
          [ 0.0000,  0.0000,  0.0000,  ...,  0.0000,  0.0000,  0.0000],
          [ 0.0000,  0.0000,  0.0000,  ...,  0.0000,  0.0000,  0.0000]],

         [[ 0.0289,  0.1396,  0.0340,  ..., -0.0393, -0.0381,  0.0150],
          [ 0.0115, -0.0894,  0.0305,  ..., -0.0393, -0.0381,  0.0150],
          [ 0.0000,  0.0000,  0.0000,  ...,  0.0000,  0.0000,  0.0000]],

         [[ 0.0284,  0.0853,  0.0467,  ..., -0.0393, -0.0381,  0.0150],
          [ 0.0000,  0.0000,  0.0000,  ...,  0.0000,  0.0000,  0.0000],
          [ 0.0000,  0.0000,  0.0000,  ...,  0.0000,  0.0000,  0.0000]],

         ...,

         [[ 0.1287,  0.0875,  0.0529,  ...,  0.0084, -0.0381, -0.0104],
          [ 0.0000,  0.0000,  0.0000,  ...,  0.0000,  0.0000,  0.0000],
          [ 0.0000,  0.0000,  0.0000,  ...,  0.0000,  0.0000,  0.0000]],

         [[ 0.0886,  0.1396,  0.0151,  ...,  0.0084, -0.0381, -0.0104],
          [ 0.0000,  0.0000,  0.0000,  ...,  0.0000,  0.0000,  0.0000],
          [ 0.0000,  0.0000,  0.0000,  ...,  0.0000,  0.0000,  0.0000]],

         [[ 0.0662,  0.0690,  0.0744,  ...,  0.0084, -0.0381, -0.0104],
          [ 0.0000,  0.0000,  0.0000,  ...,  0.0000,  0.0000,  0.0000],
          [ 0.0000,  0.0000,  0.0000,  ...,  0.0000,  0.0000,  0.0000]]],